9.778108596801757812e-01,2.218914031982421875e-02
6.879253387451171875e-01,3.120746314525604248e-01
9.624086022377014160e-01,3.759141638875007629e-02
9.676884412765502930e-01,3.231153264641761780e-02
9.368150830268859863e-01,6.318489462137222290e-02
9.459277987480163574e-01,5.407222732901573181e-02
6.329180598258972168e-01,3.670819401741027832e-01
5.024064183235168457e-01,4.975935816764831543e-01
9.317430853843688965e-01,6.825692951679229736e-02
9.837484955787658691e-01,1.625149883329868317e-02
1.551264524459838867e-02,9.844873547554016113e-01
3.283017873764038086e-02,9.671698212623596191e-01
6.475418806076049805e-01,3.524580895900726318e-01
7.884812355041503906e-01,2.115187495946884155e-01
4.727393388748168945e-02,9.527260661125183105e-01
3.186333179473876953e-02,9.681366682052612305e-01
6.600743532180786133e-01,3.399256765842437744e-01
9.852232933044433594e-01,1.477673463523387909e-02
2.296661734580993652e-01,7.703338265419006348e-01
9.791983962059020996e-01,2.080158516764640808e-02
3.485602140426635742e-02,9.651439785957336426e-01
3.821013569831848145e-01,6.178986430168151855e-01
8.956285715103149414e-01,1.043714135885238647e-01
6.153762340545654297e-03,9.938462376594543457e-01
7.676877975463867188e-01,2.323122322559356689e-01
6.540471911430358887e-01,3.459528088569641113e-01
1.162375211715698242e-01,8.837624788284301758e-01
8.176767230033874512e-01,1.823232918977737427e-01
7.645356655120849609e-01,2.354643344879150391e-01
5.049157142639160156e-02,9.495084285736083984e-01
1.661663055419921875e-01,8.338336944580078125e-01
3.384554386138916016e-02,9.661544561386108398e-01
2.704527974128723145e-01,7.295472025871276855e-01
4.368317127227783203e-01,5.631682872772216797e-01
5.816192626953125000e-01,4.183807671070098877e-01
8.806158900260925293e-01,1.193841025233268738e-01
9.864493608474731445e-01,1.355063915252685547e-02
8.573817014694213867e-01,1.426182985305786133e-01
6.524760723114013672e-01,3.475238978862762451e-01
9.402623772621154785e-01,5.973761901259422302e-02
9.159001111984252930e-01,8.409987390041351318e-02
1.198583841323852539e-01,8.801416158676147461e-01
9.286845326423645020e-01,7.131545245647430420e-02
2.111381292343139648e-02,9.788861870765686035e-01
8.748358488082885742e-01,1.251641660928726196e-01
5.339843034744262695e-02,9.466015696525573730e-01
9.907121062278747559e-01,9.287907741963863373e-03
3.699574470520019531e-01,6.300425529479980469e-01
2.586480975151062012e-01,7.413519024848937988e-01
3.287911415100097656e-03,9.967120885848999023e-01
8.556673526763916016e-01,1.443326473236083984e-01
8.252227306365966797e-02,9.174777269363403320e-01
8.759638071060180664e-01,1.240361705422401428e-01
2.265810370445251465e-01,7.734189629554748535e-01
7.441800832748413086e-02,9.255819916725158691e-01
9.849964976310729980e-01,1.500348933041095734e-02
9.065405726432800293e-01,9.345942735671997070e-02
4.033088684082031250e-02,9.596691131591796875e-01
9.634649753570556641e-01,3.653501719236373901e-02
9.562693834304809570e-01,4.373063519597053528e-02
1.094698309898376465e-01,8.905301690101623535e-01
9.629208445549011230e-01,3.707916289567947388e-02
6.076431274414062500e-02,9.392356872558593750e-01
1.847434043884277344e-02,9.815256595611572266e-01
1.156703233718872070e-01,8.843296766281127930e-01
8.320376873016357422e-01,1.679623425006866455e-01
9.504675269126892090e-01,4.953245446085929871e-02
7.970178127288818359e-01,2.029821574687957764e-01
9.403404593467712402e-01,5.965954437851905823e-02
4.309892654418945312e-02,9.569010734558105469e-01
8.236789703369140625e-01,1.763210296630859375e-01
9.054774045944213867e-01,9.452262520790100098e-02
2.173188328742980957e-01,7.826811671257019043e-01
1.443017125129699707e-01,8.556982874870300293e-01
8.873419761657714844e-01,1.126579940319061279e-01
9.438272714614868164e-01,5.617273971438407898e-02
6.126248836517333984e-02,9.387375116348266602e-01
4.476559162139892578e-01,5.523440837860107422e-01
8.296772837638854980e-01,1.703227013349533081e-01
9.795083403587341309e-01,2.049163170158863068e-02
3.473472595214843750e-02,9.652652740478515625e-01
7.080532312393188477e-01,2.919467985630035400e-01
8.705184459686279297e-01,1.294815242290496826e-01
8.489281535148620605e-01,1.510718613862991333e-01
2.670672535896301270e-01,7.329327464103698730e-01
8.936317563056945801e-01,1.063682213425636292e-01
8.833946585655212402e-01,1.166053563356399536e-01
4.725745320320129395e-01,5.274254679679870605e-01
9.243702888488769531e-01,7.562973350286483765e-02
2.981377840042114258e-01,7.018622159957885742e-01
7.906948924064636230e-01,2.093051224946975708e-01
9.544036984443664551e-01,4.559627547860145569e-02
9.406917691230773926e-01,5.930823460221290588e-02
6.448882818222045898e-01,3.551117181777954102e-01
8.834257721900939941e-01,1.165742427110671997e-01
2.341886162757873535e-01,7.658113837242126465e-01
1.670899391174316406e-01,8.329100608825683594e-01
9.322073459625244141e-01,6.779265403747558594e-02
7.442203760147094727e-01,2.557795941829681396e-01
9.828445911407470703e-01,1.715538278222084045e-02
5.220005512237548828e-01,4.779994785785675049e-01
6.068158149719238281e-01,3.931841850280761719e-01
5.937414765357971191e-01,4.062585234642028809e-01
7.479797601699829102e-01,2.520202398300170898e-01
9.843990802764892578e-01,1.560090482234954834e-02
8.714675903320312500e-02,9.128532409667968750e-01
7.621915340423583984e-01,2.378084659576416016e-01
3.904361724853515625e-01,6.095638275146484375e-01
4.748320579528808594e-02,9.525167942047119141e-01
9.824438691139221191e-01,1.755613833665847778e-02
8.977562189102172852e-02,9.102243781089782715e-01
8.446387648582458496e-01,1.553612500429153442e-01
7.628022432327270508e-01,2.371977865695953369e-01
9.155835509300231934e-01,8.441643416881561279e-02
1.015278100967407227e-01,8.984721899032592773e-01
9.202632904052734375e-01,7.973673939704895020e-02
9.757936596870422363e-01,2.420633658766746521e-02
3.510791063308715820e-02,9.648920893669128418e-01
9.041752815246582031e-01,9.582470357418060303e-02
8.210345506668090820e-01,1.789654642343521118e-01
2.270779609680175781e-01,7.729220390319824219e-01
2.631407976150512695e-02,9.736859202384948730e-01
7.227482795715332031e-01,2.772516906261444092e-01
9.881974458694458008e-01,1.180257648229598999e-02
2.366269230842590332e-01,7.633730769157409668e-01
3.334083557128906250e-01,6.665916442871093750e-01
6.763243675231933594e-02,9.323675632476806641e-01
4.330675601959228516e-01,5.669324398040771484e-01
1.579809188842773438e-02,9.842019081115722656e-01
7.991161942481994629e-01,2.008838206529617310e-01
7.788314223289489746e-01,2.211685925722122192e-01
6.495614051818847656e-01,3.504386246204376221e-01
7.959783077239990234e-02,9.204021692276000977e-01
7.820916175842285156e-02,9.217908382415771484e-01
3.760990500450134277e-01,6.239009499549865723e-01
3.623151183128356934e-01,6.376848816871643066e-01
6.400297880172729492e-01,3.599702417850494385e-01
1.570762991905212402e-01,8.429237008094787598e-01
4.087476730346679688e-01,5.912523269653320312e-01
9.620262384414672852e-01,3.797375410795211792e-02
9.519773721694946289e-02,9.048022627830505371e-01
2.472102642059326172e-03,9.975278973579406738e-01
9.244173765182495117e-01,7.558259367942810059e-02
6.028918027877807617e-01,3.971082270145416260e-01
1.104872226715087891e-01,8.895127773284912109e-01
3.997207283973693848e-01,6.002792716026306152e-01
9.372180104255676270e-01,6.278201192617416382e-02
3.640592098236083984e-03,9.963594079017639160e-01
4.242555499076843262e-01,5.757444500923156738e-01
1.043486595153808594e-02,9.895651340484619141e-01
9.696035385131835938e-01,3.039643913507461548e-02
9.076685905456542969e-01,9.233143925666809082e-02
5.058473348617553711e-02,9.494152665138244629e-01
6.875894069671630859e-01,3.124105930328369141e-01
4.004162549972534180e-02,9.599583745002746582e-01
8.840573430061340332e-01,1.159426346421241760e-01
3.608226776123046875e-02,9.639177322387695312e-01
6.431204080581665039e-01,3.568796217441558838e-01
3.275204300880432129e-01,6.724795699119567871e-01
5.958061218261718750e-01,4.041939079761505127e-01
1.070362329483032227e-01,8.929637670516967773e-01
7.329135537147521973e-01,2.670864462852478027e-01
9.798006415367126465e-01,2.019933424890041351e-02
9.328252077102661133e-01,6.717479974031448364e-02
6.328213214874267578e-02,9.367178678512573242e-01
1.152299046516418457e-01,8.847700953483581543e-01
8.310755491256713867e-01,1.689244657754898071e-01
1.263098120689392090e-01,8.736901879310607910e-01
3.347751498222351074e-01,6.652248501777648926e-01
9.459162354469299316e-01,5.408376827836036682e-02
6.755449175834655762e-01,3.244550824165344238e-01
1.298065781593322754e-01,8.701934218406677246e-01
5.144277215003967285e-01,4.855722784996032715e-01
5.402069091796875000e-01,4.597931206226348877e-01
9.614217281341552734e-01,3.857826068997383118e-02
9.243249893188476562e-01,7.567499577999114990e-02
1.073062419891357422e-03,9.989269375801086426e-01
7.981282472610473633e-01,2.018717229366302490e-01
9.665554761886596680e-01,3.344454243779182434e-02
3.075379133224487305e-01,6.924620866775512695e-01
8.470910787582397461e-02,9.152908921241760254e-01
7.463586330413818359e-02,9.253641366958618164e-01
6.703882217407226562e-01,3.296117484569549561e-01
9.925707578659057617e-01,7.429258432239294052e-03
8.391152024269104004e-01,1.608848124742507935e-01
9.131562709808349609e-02,9.086843729019165039e-01
9.270449876785278320e-01,7.295501232147216797e-02
2.561486363410949707e-01,7.438513636589050293e-01
5.080674886703491211e-01,4.919324815273284912e-01
